White: 0.698829671558254

Gray1: 0.243079013405309

Gray2: 0.185944086395984

Gray3: 0.124418376773873

Gray4: 0.0789964890249424

Black: 0.0321977986117840